16 16 16 16 16 16 16 16   17 17 17 17 17 17 17 17   18 18 18 18 18 18 18 18   19 19 19 19 19 19 19 19   
1e 1e 1e 1e 1e 1e 1e 1e   1f 1f 1f 1f 1f 1f 1f 1f    0  0  0  0  0  0  0  0    1  1  1  1  1  1  1  1   
 6  6  6  6  6  6  6  6    7  7  7  7  7  7  7  7    8  8  8  8  8  8  8  8    9  9  9  9  9  9  9  9   
 e  e  e  e  e  e  e  e    f  f  f  f  f  f  f  f   10 10 10 10 10 10 10 10   11 11 11 11 11 11 11 11   
16 16 16 16 16 16 16 16   17 17 17 17 17 17 17 17   18 18 18 18 18 18 18 18   19 19 19 19 19 19 19 19   
1e 1e 1e 1e 1e 1e 1e 1e   1f 1f 1f 1f 1f 1f 1f 1f    0  0  0  0  0  0  0  0    1  1  1  1  1  1  1  1   
 6  6  6  6  6  6  6  6    7  7  7  7  7  7  7  7    8  8  8  8  8  8  8  8    9  9  9  9  9  9  9  9   
 e  e  e  e  e  e  e  e    f  f  f  f  f  f  f  f   10 10 10 10 10 10 10 10   11 11 11 11 11 11 11 11   

16 16 16 16 16 16 16 16   17 17 17 17 17 17 17 17   18 18 18 18 18 18 18 18   19 19 19 19 19 19 19 19   
1e 1e 1e 1e 1e 1e 1e 1e   1f 1f 1f 1f 1f 1f 1f 1f    0  0  0  0  0  0  0  0    1  1  1  1  1  1  1  1   
 6  6  6  6  6  6  6  6    7  7  7  7  7  7  7  7    8  8  8  8  8  8  8  8    9  9  9  9  9  9  9  9   
 e  e  e  e  e  e  e  e    f  f  f  f  f  f  f  f   10 10 10 10 10 10 10 10   11 11 11 11 11 11 11 11   
16 16 16 16 16 16 16 16   17 17 17 17 17 17 17 17   18 18 18 18 18 18 18 18   19 19 19 19 19 19 19 19   
1e 1e 1e 1e 1e 1e 1e 1e   1f 1f 1f 1f 1f 1f 1f 1f    0  0  0  0  0  0  0  0    1  1  1  1  1  1  1  1   
 6  6  6  6  6  6  6  6    7  7  7  7  7  7  7  7    8  8  8  8  8  8  8  8    9  9  9  9  9  9  9  9   
 e  e  e  e  e  e  e  e    f  f  f  f  f  f  f  f   10 10 10 10 10 10 10 10   11 11 11 11 11 11 11 11   

16 16 16 16 16 16 16 16   17 17 17 17 17 17 17 17   18 18 18 18 18 18 18 18   19 19 19 19 19 19 19 19   
1e 1e 1e 1e 1e 1e 1e 1e   1f 1f 1f 1f 1f 1f 1f 1f    0  0  0  0  0  0  0  0    1  1  1  1  1  1  1  1   
 6  6  6  6  6  6  6  6    7  7  7  7  7  7  7  7    8  8  8  8  8  8  8  8    9  9  9  9  9  9  9  9   
 e  e  e  e  e  e  e  e    f  f  f  f  f  f  f  f   10 10 10 10 10 10 10 10   11 11 11 11 11 11 11 11   
16 16 16 16 16 16 16 16   17 17 17 17 17 17 17 17   18 18 18 18 18 18 18 18   19 19 19 19 19 19 19 19   
1e 1e 1e 1e 1e 1e 1e 1e   1f 1f 1f 1f 1f 1f 1f 1f    0  0  0  0  0  0  0  0    1  1  1  1  1  1  1  1   
 6  6  6  6  6  6  6  6    7  7  7  7  7  7  7  7    8  8  8  8  8  8  8  8    9  9  9  9  9  9  9  9   
 e  e  e  e  e  e  e  e    f  f  f  f  f  f  f  f   10 10 10 10 10 10 10 10   11 11 11 11 11 11 11 11   

16 16 16 16 16 16 16 16   17 17 17 17 17 17 17 17   18 18 18 18 18 18 18 18   19 19 19 19 19 19 19 19   
1e 1e 1e 1e 1e 1e 1e 1e   1f 1f 1f 1f 1f 1f 1f 1f    0  0  0  0  0  0  0  0    1  1  1  1  1  1  1  1   
 6  6  6  6  6  6  6  6    7  7  7  7  7  7  7  7    8  8  8  8  8  8  8  8    9  9  9  9  9  9  9  9   
 e  e  e  e  e  e  e  e    f  f  f  f  f  f  f  f   10 10 10 10 10 10 10 10   11 11 11 11 11 11 11 11   
16 16 16 16 16 16 16 16   17 17 17 17 17 17 17 17   18 18 18 18 18 18 18 18   19 19 19 19 19 19 19 19   
1e 1e 1e 1e 1e 1e 1e 1e   1f 1f 1f 1f 1f 1f 1f 1f    0  0  0  0  0  0  0  0    1  1  1  1  1  1  1  1   
 6  6  6  6  6  6  6  6    7  7  7  7  7  7  7  7    8  8  8  8  8  8  8  8    9  9  9  9  9  9  9  9   
 e  e  e  e  e  e  e  e    f  f  f  f  f  f  f  f   10 10 10 10 10 10 10 10   11 11 11 11 11 11 11 11   



16 16 16 16 16 16 16 16   17 17 17 17 17 17 17 17   18 18 18 18 18 18 18 18   19 19 19 19 19 19 19 19   
1e 1e 1e 1e 1e 1e 1e 1e   1f 1f 1f 1f 1f 1f 1f 1f    0  0  0  0  0  0  0  0    1  1  1  1  1  1  1  1   
 6  6  6  6  6  6  6  6    7  7  7  7  7  7  7  7    8  8  8  8  8  8  8  8    9  9  9  9  9  9  9  9   
 e  e  e  e  e  e  e  e    f  f  f  f  f  f  f  f   10 10 10 10 10 10 10 10   11 11 11 11 11 11 11 11   
16 16 16 16 16 16 16 16   17 17 17 17 17 17 17 17   18 18 18 18 18 18 18 18   19 19 19 19 19 19 19 19   
1e 1e 1e 1e 1e 1e 1e 1e   1f 1f 1f 1f 1f 1f 1f 1f    0  0  0  0  0  0  0  0    1  1  1  1  1  1  1  1   
 6  6  6  6  6  6  6  6    7  7  7  7  7  7  7  7    8  8  8  8  8  8  8  8    9  9  9  9  9  9  9  9   
 e  e  e  e  e  e  e  e    f  f  f  f  f  f  f  f   10 10 10 10 10 10 10 10   11 11 11 11 11 11 11 11   

16 16 16 16 16 16 16 16   17 17 17 17 17 17 17 17   18 18 18 18 18 18 18 18   19 19 19 19 19 19 19 19   
1e 1e 1e 1e 1e 1e 1e 1e   1f 1f 1f 1f 1f 1f 1f 1f    0  0  0  0  0  0  0  0    1  1  1  1  1  1  1  1   
 6  6  6  6  6  6  6  6    7  7  7  7  7  7  7  7    8  8  8  8  8  8  8  8    9  9  9  9  9  9  9  9   
 e  e  e  e  e  e  e  e    f  f  f  f  f  f  f  f   10 10 10 10 10 10 10 10   11 11 11 11 11 11 11 11   
16 16 16 16 16 16 16 16   17 17 17 17 17 17 17 17   18 18 18 18 18 18 18 18   19 19 19 19 19 19 19 19   
1e 1e 1e 1e 1e 1e 1e 1e   1f 1f 1f 1f 1f 1f 1f 1f    0  0  0  0  0  0  0  0    1  1  1  1  1  1  1  1   
 6  6  6  6  6  6  6  6    7  7  7  7  7  7  7  7    8  8  8  8  8  8  8  8    9  9  9  9  9  9  9  9   
 e  e  e  e  e  e  e  e    f  f  f  f  f  f  f  f   10 10 10 10 10 10 10 10   11 11 11 11 11 11 11 11   

16 16 16 16 16 16 16 16   17 17 17 17 17 17 17 17   18 18 18 18 18 18 18 18   19 19 19 19 19 19 19 19   
1e 1e 1e 1e 1e 1e 1e 1e   1f 1f 1f 1f 1f 1f 1f 1f    0  0  0  0  0  0  0  0    1  1  1  1  1  1  1  1   
 6  6  6  6  6  6  6  6    7  7  7  7  7  7  7  7    8  8  8  8  8  8  8  8    9  9  9  9  9  9  9  9   
 e  e  e  e  e  e  e  e    f  f  f  f  f  f  f  f   10 10 10 10 10 10 10 10   11 11 11 11 11 11 11 11   
16 16 16 16 16 16 16 16   17 17 17 17 17 17 17 17   18 18 18 18 18 18 18 18   19 19 19 19 19 19 19 19   
1e 1e 1e 1e 1e 1e 1e 1e   1f 1f 1f 1f 1f 1f 1f 1f    0  0  0  0  0  0  0  0    1  1  1  1  1  1  1  1   
 6  6  6  6  6  6  6  6    7  7  7  7  7  7  7  7    8  8  8  8  8  8  8  8    9  9  9  9  9  9  9  9   
 e  e  e  e  e  e  e  e    f  f  f  f  f  f  f  f   10 10 10 10 10 10 10 10   11 11 11 11 11 11 11 11   

16 16 16 16 16 16 16 16   17 17 17 17 17 17 17 17   18 18 18 18 18 18 18 18   19 19 19 19 19 19 19 19   
1e 1e 1e 1e 1e 1e 1e 1e   1f 1f 1f 1f 1f 1f 1f 1f    0  0  0  0  0  0  0  0    1  1  1  1  1  1  1  1   
 6  6  6  6  6  6  6  6    7  7  7  7  7  7  7  7    8  8  8  8  8  8  8  8    9  9  9  9  9  9  9  9   
 e  e  e  e  e  e  e  e    f  f  f  f  f  f  f  f   10 10 10 10 10 10 10 10   11 11 11 11 11 11 11 11   
16 16 16 16 16 16 16 16   17 17 17 17 17 17 17 17   18 18 18 18 18 18 18 18   19 19 19 19 19 19 19 19   
1e 1e 1e 1e 1e 1e 1e 1e   1f 1f 1f 1f 1f 1f 1f 1f    0  0  0  0  0  0  0  0    1  1  1  1  1  1  1  1   
 6  6  6  6  6  6  6  6    7  7  7  7  7  7  7  7    8  8  8  8  8  8  8  8    9  9  9  9  9  9  9  9   
 e  e  e  e  e  e  e  e    f  f  f  f  f  f  f  f   10 10 10 10 10 10 10 10   11 11 11 11 11 11 11 11   

